Epoch: (1)
===========
Loss: -0.96191
MAE: 38.42165
ABSREL: 0.04116
MSE: 2637.68391
RMSE: 50.52535
IMAE: 45.64405
IRMSE: 62.05577
DELTA1: 99.63478
DELTA2: 99.96726
DELTA3: 99.99254
GPU_time: 0.25800
DATA_time: 0.12945
